(02) 4044 3219
077 1052 4907
077 6798 0956
309-378-6750
(02) 6752 1034
070 0050 6948
079 0509 3083
505-754-5280
070 6707 7533
208-225-5192
718-833-4090
077 7992 7031
979-647-2568
914-629-1814
(02) 6708 9915
077 3413 4158
077 5493 9890
079 7948 3584
208-722-1076
077 6387 6241
(07) 3488 6873
077 3371 7736
704-951-8534
(02) 4328 9502
513-460-1764
717-329-0551
077 2591 5941
079 2479 8312
(03) 5360 8224
078 3515 0263
(07) 3196 8613
079 6674 6511
(07) 3410 0438
070 7861 4728
(03) 8809 4399
070 4155 7628
916-723-9979
(02) 6681 9177
077 2535 7655
(03) 5330 4147
585-520-8637
(07) 3471 9987
(08) 8374 0332
210-389-3509
077 7169 6528
079 7405 3107
077 0939 0281
070 4686 0949
(02) 4013 5050
078 1151 1598
978-636-5898
215-425-8170
077 1711 6251
662-334-1456
070 7885 6564
(03) 5381 1253
661-501-7741
225-307-4159
077 1894 9263
(02) 4964 2137
503-512-2390
(02) 6129 9319
078 7133 2544
310-522-5672
361-459-9807
(07) 5316 0587
205-406-0333
320-633-3773
631-273-3156
077 1155 9283
712-375-0843
(07) 4590 0071
(02) 6798 5475
079 6310 2526
402-372-5519
513-483-7185
(07) 4990 7029
070 1190 7693
070 1041 2708
(02) 9484 6348
(07) 4586 5415
070 5860 7961
078 5660 2592
205-250-9982
079 0737 2367
(08) 8786 7116
972-898-0164
870-426-4384
077 2366 9026
(03) 5388 4927
(03) 6224 2641
205-695-8796
078 1831 4680
078 8246 2378
503-355-3315
847-306-3134
630-715-0151
816-343-6570
078 7322 3086
078 6513 4965
078 2410 3355
(02) 6166 8531
(08) 9060 5029
317-580-3025
812-458-2156
646-715-4982
863-738-6318
(08) 8354 4957
078 3106 9492
213-522-7694
(02) 6749 2067
724-635-0227
(08) 9033 1987
(03) 5336 8008
078 0613 7717
(08) 8716 0516
702-948-9510
(08) 8236 6347
614-305-2929
078 1890 2932
078 5358 8828
078 4503 3796
925-291-6486
(08) 9392 2479
077 1598 1337
(08) 8279 9525
(02) 6178 6971
918-348-0292
079 6238 4882
(02) 9099 3164
614-588-2658
801-748-7999
260-432-5379
561-909-5155
070 1471 9696
412-748-1822
077 3184 9355
916-987-5370
078 2138 6144
(02) 4083 6561
269-438-4732
(02) 6121 2411
501-851-7807
078 0889 2621
079 2134 8604
786-345-3659
070 7825 8018
(07) 4081 5822
301-962-9302
(07) 4988 3228
078 5605 5275
254-252-4174
070 6010 4840
078 2578 4328
077 7481 9981
(08) 9399 7283
078 8928 1677
(08) 8769 1538
079 3196 5831
(02) 6189 2755
(03) 5352 9433
(03) 5323 3339
(03) 5306 3609
(03) 5376 6586
530-868-5540
(07) 4582 0929
070 5984 4956
(02) 4951 6836
(08) 8785 2109
077 4411 4164
077 3691 1099
(02) 9855 0546
079 4913 4050
(08) 8394 5139
(02) 4072 5765
(08) 9093 9929
440-347-6390
312-902-8086
(02) 6144 5099
714-443-2100
605-648-8799
077 3509 6162
419-786-9728
070 4592 1449
812-751-0353
626-384-9168
(08) 8752 0306
716-740-8023
(03) 5351 7860
(08) 9015 9708
077 4668 0020
606-766-7322
078 1765 7867
802-827-9247
484-695-7262
(03) 6273 2994
070 5393 9680
(08) 9072 5163
209-648-7354
(02) 6775 0313
316-259-2992
(08) 8309 7301
(07) 4986 7853
518-283-9118
070 2755 1611
785-872-6283
077 6639 6061
409-995-1675
(02) 9358 3168
070 6505 1247
079 1287 5578
815-998-1394
078 5633 5220
(02) 4922 9242
541-869-3526
509-533-5882
304-434-5533
(07) 4502 8208
414-976-5346
(08) 8249 3442
077 3066 3586
801-877-5663
702-651-8787
070 8280 7444
(02) 4260 5508
(02) 9066 7489
077 1669 3515
562-398-2930
321-559-7307
415-678-6521
(07) 4919 8713
077 8005 5222
070 0373 3562
(02) 4939 4465
(08) 8954 5624
(02) 9224 4481
(03) 6201 2951
503-798-2117
(07) 5361 6919
077 7414 3236
079 6865 1360
(08) 9037 5560
530-832-6377
070 3008 5394
248-815-5495
843-665-7138
(03) 5357 6840
(03) 5353 4196
(07) 4052 2963
763-230-5297
079 8065 8402
077 5841 9451
(08) 9041 5468
405-343-7858
813-346-7427
661-575-7217
078 6956 4074
077 7612 8755
502-638-4161
077 5310 9843
(03) 5393 1999
(02) 4007 4989
614-298-3048
(07) 4597 6416
(02) 9386 5864
070 2459 3035
856-610-1979
(03) 9355 8010
(08) 8393 4146
070 4363 8551
580-669-3006
512-738-3572
925-343-3326
077 6445 5234
(02) 4901 1776
903-366-8266
077 5984 1156
469-322-0271
070 7974 7017
070 1433 4222
908-757-9778
077 0662 0025
079 7860 4366
077 1810 5510
304-538-1127
425-265-2070
989-573-5368
077 6862 2861
078 5509 4946
352-702-7376
078 1642 2844
703-298-6260
079 1401 7791
661-359-8735
(08) 9021 1359
(02) 4087 9566
(02) 9681 1678
079 8344 3207
307-432-4225
270-302-7244
303-229-6879
(02) 6783 6854
406-474-2308
215-502-1864
077 2737 6273
256-429-1062
070 0768 3961
(03) 5306 6614
212-943-5803
765-655-3472
(03) 9536 5107
918-341-6747
077 5015 8044
077 5886 7804
801-398-3821
(07) 5320 8567
203-651-4622
077 4451 9918
301-474-4214
(02) 4032 9173
070 1801 4192
954-434-3901
079 0374 8189
507-659-8198
(07) 4014 2725
078 8707 0380
(03) 9599 7918
070 6210 4506
(08) 8252 2585
229-698-3824
(07) 3371 0870
070 6363 3649
(08) 8322 0647
077 5908 4444
(03) 5324 7834
586-226-9327
(03) 8669 5963
248-340-6786
417-393-2178
078 4478 3923
070 7308 0397
908-488-6004
510-816-9608
(08) 8314 1574
078 7612 3366
(02) 4043 3113
070 2180 1775
077 1867 6779
(02) 4035 5587
727-790-8811
(07) 4942 1584
(08) 9038 3094
078 4149 0562
(07) 5385 8966
228-229-6999
516-843-0734
949-295-3187
070 5584 8728
079 1871 2278
320-434-1994
(07) 4946 2991
301-521-3187
079 3807 7826
937-707-4415
(07) 4007 0412
(02) 4065 7147
478-248-1077
078 7136 7835
077 2296 3164
078 5880 0180
(03) 6255 3193
(02) 4015 2158
078 3248 8495
070 8628 8733
(08) 8772 6213
919-664-7503
(08) 8381 4825
(03) 9526 5672
077 3446 7875
504-237-4192
915-497-5736
781-437-4666
607-535-2715
830-253-4672
070 1448 6965
718-418-2423
408-965-3080
580-678-0262
(03) 6206 9957
(08) 8771 5906
(02) 4348 3967
484-664-8258
077 2060 7728
704-962-8759
(03) 5302 3153
(07) 5686 4406
079 8250 2775
078 5155 1864
077 4102 1330
077 6605 0112
078 8953 3874
(02) 4035 4487
734-281-3386
313-505-1272
316-788-1110
079 7434 1717
201-244-1280
(02) 6705 2715
(07) 3458 1998
410-943-5497
(07) 5334 8290
070 7007 6898
078 3537 1067
070 2320 5834
079 3826 9249
508-525-1129
079 0702 3180
(07) 4548 9081
070 4287 6860
078 8505 6385
520-495-4148
(08) 9212 6691
716-557-6653
(08) 9470 7126
812-338-6424
740-972-4902
(03) 5395 2351
(07) 4085 3452
919-699-7151
078 3654 5916
070 6980 4167
217-364-3208
860-406-0939
(03) 5306 4316
(02) 4291 5185
513-917-6151
079 2885 1841
404-843-4639
078 1325 2261
225-687-8975
(08) 8356 9260
(08) 8286 5049
706-845-8481
(03) 5385 9907
573-671-1157
(07) 4941 6538
760-864-9920
(02) 6141 9810
(08) 8716 2171
070 3752 8356
916-580-9809
(03) 5305 1161
079 8865 9989
(08) 9449 0639
070 2872 2002
070 2510 2912
(07) 4057 4813
301-769-0966
077 0953 1697
412-714-6944
(02) 6716 5521
404-910-0508
(02) 6790 4313
070 7500 8234
207-426-2378
630-378-4405
805-835-7359
646-862-3814
(08) 8722 4499
260-415-5500
(07) 3970 4090
425-238-1385
078 4473 5994
360-829-8142
078 4763 0676
702-368-4601
(02) 6138 3933
079 7818 3259
079 6980 7832
315-725-9813
077 4999 4878
078 8922 5655
904-783-2401
(02) 4912 9751
(03) 5344 7569
(02) 6700 3372
323-729-5400
077 4494 4841
630-626-1346
410-739-6214
070 6514 7155
209-757-8985
(07) 4569 5407
(08) 8215 8623
078 2561 5428
070 1564 8973
228-641-0600
706-827-9495
858-366-6536
724-912-7651
(02) 6189 3997
078 0165 7605
(08) 8774 3876
253-370-8296
077 0129 9491
208-942-6779
(02) 4051 1666
078 6500 0374
077 7232 1564
(08) 8350 4715
925-856-0112
(07) 3773 3268
352-423-0663
079 6794 8211
070 8382 4165
077 2758 7929
207-739-9686
(02) 4632 6180
077 4527 9000
078 1808 0908
070 5315 6857
070 3201 7779
816-447-1239
(03) 5360 2255
919-457-4391
(08) 8722 7761
(08) 8221 5666
978-737-1714
(02) 4047 3822
662-730-2405
812-854-0604
(03) 6288 9830
(03) 5379 8193
417-779-5503
781-707-6751
070 5711 5542
(07) 4546 3247
(03) 5321 7068
973-998-4828
079 2471 2418
(03) 5328 5544
816-223-4275
070 5838 2439
078 5058 4688
(02) 4042 7202
079 4205 0735
079 5709 0609
605-599-5082
077 7642 1972
607-674-6880
(03) 5329 5333
413-522-2429
254-224-5254
(02) 6165 2556
248-432-4689
(03) 6259 4232
732-865-6647
856-573-3146
270-589-7687
412-281-9132
(07) 4515 5097
078 8182 8341
(03) 5335 1200
(03) 5314 0570
079 3958 0815
079 5363 2214
269-313-2002
513-388-9646
(03) 6244 0153
815-347-4595
(08) 9025 8138
078 6648 1228
(08) 8209 8444
512-757-4428
(02) 6197 6982
313-389-0345
(02) 4980 6777
079 6434 5381
078 3050 5323
(07) 5600 0238
(03) 5391 6997
(08) 9018 2733
(07) 5332 9174
077 8564 8587
070 6169 5640
(03) 5353 3242
(02) 6180 8144
(02) 4059 0505
269-272-3887
518-307-9315
806-935-2853
079 1275 7476
(03) 6298 4842
469-675-3785
077 6164 1904
070 0837 0783
(03) 5328 9201
077 8267 0932
(08) 9026 9293
903-468-4928
(08) 9084 1317
078 5359 8137
(08) 8765 0445
(02) 4927 0964
(08) 8214 3376
(02) 6168 4789
078 6601 6017
248-424-0504
(08) 9030 6447
079 6371 8012
079 6223 9790
865-455-9076
(02) 6703 6362
(08) 9069 2734
070 6997 4384
(02) 9073 0749
070 0211 1698
(08) 8365 5173
078 7365 1331
077 1319 7563
401-226-3515
(07) 4537 9591
079 7593 6198
207-593-8308
(07) 4023 2633
077 5623 4466
814-889-4588
070 6304 7467
(02) 9381 9684
215-749-5632
614-718-6835
(08) 9085 0068
910-862-5911
619-644-5441
078 0280 4484
070 1170 0042
303-362-7170
910-566-8493
(03) 5321 6234
070 1454 3868
070 7631 9485
070 3067 6138
077 1771 9407
319-741-2333
070 7838 5986
(02) 4019 5641
518-504-0473
(03) 6203 5850
(08) 8309 4489
(08) 8399 2667
078 4061 7570
209-847-9150
713-829-9223
805-438-2803
070 4837 9181
928-402-9740
318-796-2247
070 5982 2326
985-665-0199
301-861-5654
077 4927 8036
763-493-3273
248-366-7260
077 7141 6248
079 0394 1895
(08) 8210 3442
078 4704 2893
952-546-2679
970-428-2610
(08) 9089 2912
077 1572 7029
070 6642 1417
203-895-1719
070 5537 8317
078 6180 8234
518-285-7557
610-694-9195
212-775-7045
330-509-5226
720-565-6863
070 0917 8444
(03) 5318 0915
078 6971 3662
(02) 4000 2211
954-699-7210
079 8257 6304
507-268-4989
610-853-5707
(03) 6270 0860
077 0503 1121
(03) 5392 6436
(03) 5336 7349
(02) 4786 7838
(02) 6739 5656
801-765-9382
(08) 8201 8960
070 8908 6198
078 2424 4748
079 6995 7612
(07) 3086 8303
786-497-7364
077 4918 8037
078 1053 9819
305-962-6682
077 7793 9073
248-350-1977
(07) 4002 5003
313-694-5472
(08) 9280 9308
070 5210 0329
070 6715 4379
(07) 3671 5244
(08) 8344 6090
079 4923 4745
077 2459 3555
703-204-8143
765-733-4106
070 7953 1991
(02) 6795 9486
(07) 3941 2073
079 1272 8296
(08) 8745 2254
070 1551 9543
305-518-0803
620-575-1083
070 1759 8324
077 5185 8915
785-330-0306
(08) 8249 4280
904-442-8549
070 6645 2190
077 0043 5385
(03) 5392 0235
077 6690 2855
079 0647 8304
(08) 8298 3008
315-452-0251
303-774-8966
(02) 4972 1744
(03) 5387 5028
603-636-8716
404-613-4805
646-222-8468
077 8291 4427
078 7049 8978
651-581-8946
215-687-7928
(07) 4552 3252
(08) 8241 5205
070 6546 9528
079 1673 3755
(08) 9018 5721
559-344-1545
077 4873 2664
077 5991 6638
(02) 6718 7278
(02) 6739 9505
(03) 5379 5472
(08) 9026 5836
(08) 9063 0708
281-277-8078
509-853-4517
078 6967 4012
315-690-7991
(02) 6714 2565
(02) 4010 3712
(03) 6230 4970
(07) 4955 9491
206-313-1286
518-418-4982
425-741-9499
070 1534 9565
(08) 8324 9788
917-498-6821
(03) 9980 2924
070 1724 9003
(02) 6284 9755
(08) 8783 6569
070 4204 6726
077 6803 6120
070 4362 0006
(07) 4933 1988
079 7791 7988
077 4500 5002
(08) 8758 7770
660-572-8014
228-225-5039
(02) 6776 6856
(03) 9972 4185
078 2622 8257
078 5941 1185
801-836-0284
(03) 8133 9946
(02) 9061 5847
077 7239 0007
703-673-4559
079 8474 5738
(02) 4272 5291
(02) 4094 8792
(02) 6141 3752
077 1716 8730
(02) 4045 8941
(02) 4068 0492
079 6240 6165
(07) 4006 4750
616-899-8034
574-330-4850
070 1949 2101
079 1127 2349
078 5920 6905
(02) 4080 2647
(03) 6299 2971
(08) 9072 9542
(08) 8734 1986
925-961-4548
(02) 6735 2132
(07) 3218 5117
505-298-4859
070 7335 7045
618-652-3314
070 1095 9171
219-242-5257
070 5100 0298
(08) 9356 9689
786-274-7923
070 3840 9619
479-856-2802
(08) 9075 9975
(07) 4596 2921
070 0648 4451
077 4110 3764
079 3046 1220
(03) 5332 1154
077 2304 2504
325-446-9437
(08) 8353 0183
077 1568 2619
205-939-6826
(02) 6792 3641
502-374-1343
078 1969 3442
734-576-8423
(02) 4605 0966
650-341-1241
816-920-4335
626-538-7801
077 4105 2752
713-892-0016
310-252-4745
321-413-7254
314-704-8189
078 5538 0924
(02) 4994 2240
077 4197 5256
305-665-4951
571-514-9854
077 8247 5003
816-324-2645
404-561-1820
079 4699 6909
070 1919 1534
229-679-7138
078 3133 4339
(08) 9058 3658
860-930-0202
(07) 4534 4844
619-277-9268
079 7570 9851
740-604-8218
078 3938 7339
(03) 9085 1872
079 5558 9444
626-439-7602
978-232-7204
479-928-4625
202-812-4949
(02) 4037 6526
276-524-5826
419-572-2917
(03) 5305 8636
817-460-4551
910-617-8356
078 6636 8093
(07) 4581 2566
530-404-7495
712-944-1477
(07) 3179 1278
(07) 5304 7044
(07) 5373 7538
(08) 8380 3825
414-844-6835
(03) 5361 2348
847-443-4689
541-342-9786
079 0302 2423
(02) 4658 6317
077 4259 2827
070 8836 5358
(03) 6221 8707
916-421-4849
480-990-5522
(03) 6200 6820
(03) 5394 4767
614-986-8186
070 1171 5620
262-369-5808
434-658-3358
077 0266 3288
(03) 5308 6797
503-393-1135
(07) 4970 7191
585-256-9930
910-672-7539
077 8859 4256
070 2358 9638
770-783-8877
(07) 5336 4781
702-553-9781
070 7412 6807
079 0445 1592
240-344-1515
078 8368 7461
079 5591 6759
(02) 9136 4813
630-909-1133
079 4663 8133
620-767-8432
077 0000 7095
928-422-4221
215-863-5190
909-473-8998
(02) 4067 4758
(08) 8722 9711
078 4574 1956
(02) 4957 2227
079 6284 9678
(03) 5303 7547
078 0611 2983
077 4503 8790
785-787-4488
(07) 4564 3036
(02) 6101 9804
(07) 4574 0390
408-705-7590
077 5079 5348
812-752-2420
816-352-9317
845-341-7724
(02) 9303 7213
828-239-5687
816-943-8027
802-369-6358
078 8388 2358
(02) 6736 6218
337-369-5397
(03) 6250 2511
314-559-2198
904-751-9912
077 7413 1739
(02) 6159 9997
707-463-0425
585-288-9625
(03) 5379 9096
708-280-8706
914-912-6363
(02) 6705 4610
262-302-8644
(08) 8241 7467
650-834-7622
202-420-3888
(02) 4001 0197
(07) 4598 4811
(02) 4985 5320
077 1421 5185
077 3417 8140
(08) 9066 8860
070 5150 9056
201-262-0718
(03) 8686 8559
070 2611 4680
079 5369 6053
078 2514 7215
917-330-8822
(02) 9590 2182
(07) 4593 0379
903-783-1813
077 5709 2841
281-582-0460
077 3071 6934
323-632-0250
(08) 9062 9710
443-643-1241
443-766-5853
(03) 5368 5393
(03) 5334 4782
916-932-8565
602-352-7167
(02) 9010 2879
(08) 8381 3522
606-601-2653
(08) 8286 9149
078 0840 5505
079 8977 3596
(08) 9042 2258
077 4945 9609
815-876-6343
973-624-4238
650-724-9480
(07) 4941 6777
805-954-6928
(03) 9613 6052
412-714-5019
956-366-5595
925-425-5883
(02) 4021 6789
070 1126 9879
(03) 5378 7760
801-622-1040
077 0132 8579
(08) 9020 8331
(03) 8698 1453
078 6751 7243
070 4804 4457
(03) 6277 1667
412-977-4285
077 5057 5466
602-841-4291
077 5725 9003
620-226-1533
815-222-2990
405-550-3692
(07) 4056 9162
077 4271 2903
(08) 8296 8073
219-783-1350
304-572-2052
079 0147 0511
949-224-7425
070 8789 0762
079 6428 0498
(03) 8374 4343
501-818-9555
717-361-5135
(02) 6740 4035
786-525-1667
717-494-7448
070 4745 2263
918-665-1355
(02) 4074 0300
650-755-1051
070 4898 3617
601-291-6192
079 2690 7948
(02) 6705 5117
864-721-4485
078 1763 0752
(03) 5349 2730
660-529-9620
(03) 8302 5278
077 4131 8767
078 4066 4103
954-489-6738
077 3835 3779
(02) 6117 3791
303-445-2885
070 0062 8111
(08) 9441 3800
843-717-6209
(02) 4975 3262
(07) 4574 5802
077 4501 3938
(07) 3438 2516
079 7215 1079
(02) 4052 5893
070 1692 9496
509-647-8474
(07) 3502 7346
070 0364 5052
079 4111 2273
(02) 6742 7944
077 0705 5774
414-828-5130
615-406-3758
(08) 9080 8995
078 6395 2414
078 2964 1008
(02) 9268 8102
(02) 6731 5888
(02) 6720 3959
077 4333 1061
513-470-4517
626-552-8429
(03) 6233 1351
262-757-6725
252-794-1511
662-357-1899
079 6437 1950
318-443-0898
078 2417 0943
985-444-7380
(03) 5360 9783
(02) 6188 3987
(08) 9062 9492
802-335-4099
386-576-7114
(03) 5363 1965
(07) 4577 9038
(02) 8827 7147
079 0623 2808
315-277-8717
(03) 8420 9561
079 6774 5009
937-310-4562
070 5675 7592
504-317-9660
079 5916 0593
808-846-2681
(02) 4306 1624
316-974-6591
912-272-7804
(03) 8488 9925
078 2172 1596
574-722-1789
(07) 5666 7004
(03) 5337 6787
078 1881 3422
(02) 6791 8400
(08) 9306 4356
512-386-2395
077 8608 1181
(02) 4937 1769
(08) 8996 3845
608-303-1498
078 3694 2662
(02) 6631 3500
210-403-1216
(02) 4978 1068
(02) 4987 8966
070 1781 0602
843-607-7695
(02) 4025 3686
078 2872 3204
612-677-3952
(07) 4097 7960
(08) 8245 9017
(03) 6224 3390
079 0999 4810
434-262-8172
(08) 8229 7840
505-649-9757
078 8881 4754
079 4765 1532
(08) 8361 0158
404-668-7705
(03) 5315 7687
515-222-3076
(07) 5317 7888
070 0664 9421
(07) 4996 4092
985-856-1253
209-342-3206
(08) 9039 2727
077 6794 9936
409-753-2183
078 6342 1689
703-830-1100
070 0691 5680
615-323-4028
079 2203 4661
079 3050 3301
078 3985 9591
304-359-0216
224-627-9775
740-797-8610
077 7542 1887
312-887-1854
(02) 6144 8698
(08) 9089 6368
(02) 4226 6095
(07) 4028 1876
(02) 4996 0271
078 1774 6323
070 6832 7654
(03) 5349 5759
(02) 6777 3295
(07) 4591 4786
078 5272 3614
077 1829 2152
079 4956 3461
903-332-4342
079 3096 5316
070 6980 2267
070 5419 7981
(07) 4555 7026
079 4301 4244
079 2029 8189
078 5838 3705
512-585-9127
(07) 4966 4637
(07) 4936 3556
079 1679 3216
606-541-4833
610-427-6466
209-435-6584
316-320-2301
077 6668 7613
070 0113 7709
(08) 8227 4438
079 4093 2675
501-730-6405
(07) 3875 6705
079 8811 4912
070 6176 9417
077 2518 5845
903-828-5342
079 3175 6475
077 4787 0632
(02) 9861 7497
(07) 4085 1965
(02) 4386 7228
077 2976 1595
770-987-9438
615-974-5175
(08) 8927 6201
(08) 9011 9982
714-735-6583
077 1347 6570
847-203-6873
077 2557 5351
775-773-2851
(02) 4918 3973
079 2911 8671
323-693-6263
079 6960 1278
240-832-4225
070 1450 5360
434-832-9058
503-502-2607
079 3268 0400
(02) 6711 5701
(08) 8204 4592
079 3547 2546
207-628-9402
077 1694 3248
(03) 6266 6200
740-252-1950
070 3783 3317
079 5232 1809
(07) 3119 5914
(08) 9078 0145
079 4005 0884
704-254-8511
956-970-7396
267-372-9565
(02) 6744 0423
078 2985 7355
423-319-1604
785-744-1746
215-304-9761
079 0820 3510
305-364-3386
(03) 5373 0327
215-851-9090
078 3898 3822
973-928-5737
678-524-0199
702-281-9166
078 7927 8428
(03) 5388 8188
215-903-3594
805-403-2540
317-844-1615
077 6112 4173
070 8259 9626
(02) 6785 4629
(07) 3120 6538
078 7220 0265
077 6788 3563
814-335-7778
(03) 5376 5679
512-921-4421
079 7739 3610
908-231-6558
070 2162 8173
077 2753 6872
714-377-3085
(08) 8334 2054
077 3026 7719
214-740-9417
(02) 4063 8213
(07) 4014 0024
812-576-3464
077 4884 5725
(02) 4976 7896
(02) 6165 0267
070 3138 7702
078 6824 0197
077 3395 7213
(02) 6168 3802
(07) 4080 3155
(08) 9072 4526
(02) 6778 8938
(03) 5351 3862
(03) 6267 4611
077 8799 1183
(02) 4005 9900
(07) 4994 7698
070 8874 9901
(07) 4970 3319
(08) 8312 2347
079 1538 8861
(02) 4368 3866
079 2250 5362
478-967-7883
(07) 4534 2832
077 0392 3761
765-441-0155
(03) 5359 9560
215-369-2933
979-316-8988
530-816-1118
817-784-9684
(02) 6189 8596
070 1443 2688
078 2353 6733
070 4269 0971
070 8049 2936
585-987-4650
913-473-1138
078 8753 2980
256-895-9408
321-248-1332
559-822-4493
(03) 6282 5698
077 2371 9040
(07) 4026 5310
443-421-1336
079 7096 1326
785-835-2989
(02) 9348 4403
(03) 5343 1809
513-314-3160
(02) 4020 7401
077 3160 6162
720-319-2233
651-738-9057
801-339-8106
973-252-3154
070 0274 4718
(02) 4982 8995
079 7965 3042
919-905-1929
858-622-1415
078 5681 6299
(08) 9081 4385
863-722-5542
860-351-1592
952-843-3097
070 4023 1917
832-816-8775
(08) 9021 5865
(02) 6712 2582
231-768-6143
(02) 4075 8105
070 6900 8388
(03) 5330 4991
(02) 6158 4106
079 7396 8910
078 1137 4035
(03) 5358 1693
077 8852 5684
078 1455 9256
079 7200 0424
310-443-7002
305-368-8314
440-682-3482
(03) 5319 7176
078 7983 3713
520-481-9541
(08) 9065 8723
516-315-9425
(08) 8206 1806
(02) 6724 0493
(07) 5627 5156
631-427-2287
(07) 4547 2134
(07) 4061 7625
386-254-4336
323-275-7086
224-616-4599
610-501-7160
314-232-6851
562-964-1181
972-590-2103
(03) 5315 4751
077 1651 1749
440-527-0025
(08) 9088 5406
618-422-9185
707-817-5482
417-527-6237
079 1033 9916
(02) 4070 6234
213-717-9632
801-418-1173
079 0063 2276
706-363-2106
(07) 4568 1616
262-526-6505
(03) 6209 3097
616-841-3573
078 0345 5609
078 2836 6397
(02) 9691 7130
240-767-7811
070 2961 4369
(02) 6777 0518
801-365-4594
(03) 6269 3712
406-329-8065
079 2085 7348
077 5818 6230
078 8007 8707
077 4372 5962
(03) 5357 4379
(02) 4016 2543
828-598-5501
732-834-0903
070 8254 7077
210-930-4141
077 0320 8278
077 3754 0199
(08) 9486 9417
330-505-4822
856-721-6018
530-622-5053
717-619-5973
(03) 5398 6270
070 1473 3581
229-679-6933
(02) 6748 3763
501-553-2733
(07) 5360 4845
(03) 5303 6017
(02) 4045 0643
818-230-0249
770-963-9165
(08) 9467 8622
077 0619 7446
(02) 9422 9641
070 2338 1665
(03) 9786 4890
(03) 5300 8605
077 7101 3522
077 1770 6829
(07) 3495 5603
615-665-8779
077 7227 6004
078 3692 7770
070 8665 3076
(02) 6148 1759
078 1390 9065
(02) 4027 4201
078 3091 9170
078 0112 3556
079 4369 4545
423-550-0698
(07) 5600 6525
(03) 5399 3489
070 1214 2508
(08) 8232 1335
(02) 6133 5829
(08) 8753 1081
207-591-5751
806-279-4085
(08) 9070 4698
(02) 6197 4004
435-787-8011
070 3543 0343
078 5068 7765
856-895-3183
(08) 9029 1428
(03) 8606 8905
(02) 4049 6913
070 0000 2873
(07) 3232 2816
240-753-0125
070 6860 5547
077 6122 3294
305-208-7488
078 5557 4304
619-781-5455
305-793-9485
(08) 8323 4014
077 6807 5529
(03) 5394 3036
078 3137 1904
662-327-8715
(03) 5361 3297
(03) 5300 9804
(03) 6263 2872
079 6815 4294
330-504-3221
078 5691 2838
914-840-0013
077 2146 5561
(08) 8242 2869
(08) 9087 4397
070 7321 6020
909-691-4056
070 6624 8560
079 5577 6641
843-426-8850
079 5963 2023
484-728-7740
(03) 5346 4480
(03) 5311 6667
404-521-9681
630-944-9962
(08) 8317 3554
917-767-7916
(07) 5636 3516
585-496-5377
479-657-8429
937-996-0258
636-233-4282
(02) 4014 1913
070 2888 4398
701-897-2724
402-990-0246
077 2974 5732
845-751-1414
(07) 4914 2607
079 5683 4376
(08) 9094 8887
(03) 9978 7868
(07) 3895 1468
(03) 6202 6948
567-239-4907
(03) 5384 8649
078 3378 0889
077 2294 4559
307-464-6080
940-523-2219
724-282-3082
(03) 5379 8484
(03) 5353 5331
077 6071 3971
(02) 6131 5478
765-748-0031
(02) 6262 2187
972-276-6155
070 4178 8006
078 8670 8762
(02) 4007 3677
(03) 6230 4638
077 5571 7061
931-315-3074
928-735-8146
070 3267 5824
(07) 4564 5109
(03) 5309 9602
078 3733 1350
079 0159 6513
077 4953 3850
070 3732 7701
078 7279 9444
615-551-8831
(03) 5357 0070
314-933-4072
079 2496 2560
503-713-1110
602-336-5354
(07) 4519 0377
070 4444 6800
713-479-8899
763-212-3192
077 3882 6359
079 3224 5334
813-268-6063
270-305-5930
(08) 8356 0265
079 4189 4901
(07) 4529 4472
078 2502 1840
(07) 4045 5905
070 5323 9941
070 2071 7431
079 4811 5819
484-531-4259
078 7032 1025
(03) 5340 9801
078 8037 6924
(03) 5336 9071
229-344-5000
(08) 9089 3341
517-554-0569
848-299-4411
864-862-4187
864-978-3335
(07) 3276 7746
070 2081 2214
423-489-4741
070 5432 6168
(07) 5653 6295
513-398-3342
209-939-9606
070 1341 0392
(08) 8292 0947
828-361-3752
910-393-2025
(08) 8264 2970
070 0356 1643
(08) 9009 8532
913-660-9473
908-487-0232
077 8003 8949
078 4923 0821
(03) 5366 9470
079 8643 7803
070 0963 6406
(03) 6219 3941
262-953-4493
077 4113 8495
078 5975 0302
308-370-9515
772-344-1312
502-868-1440
079 8287 0992
715-410-4552
208-341-2513
732-884-6614
079 7421 3785
078 6832 7253
336-508-9004
(03) 5343 7121
319-688-2203
(03) 5306 3633
412-527-1921
(03) 9136 9124
262-320-1639
077 4125 8064
(08) 9042 3606
678-524-3977
(07) 3633 5116
(08) 8295 0382
(07) 3142 5703
(03) 9952 4120
269-405-4094
(02) 6771 5398
078 8697 7269
859-806-1798
078 5677 1855
(03) 5340 0043
078 3894 7178
832-462-0464
801-456-6291
714-897-2072
077 3458 4322
(08) 9067 7310
830-227-3942
(03) 5390 6168
(03) 6279 9092
508-629-4555
078 8927 4085
(07) 4938 0336
414-774-3868
(03) 5349 8910
336-908-9001
(03) 6212 5249
304-870-7485
(08) 9016 4305
(08) 8281 0823
(02) 4024 9977
718-618-6515
078 2401 8496
(03) 5309 7070
262-477-3927
(02) 6773 1099
717-600-0485
070 5118 3809
(02) 6123 4569
(02) 4065 7685
(07) 4003 5432
(02) 4937 2778
079 8450 5830
(02) 8412 1423
(03) 5340 3038
217-849-7458
(02) 6724 2364
(08) 8381 2472
(02) 6159 2700
079 6428 1454
540-481-5049
(02) 4965 4133
079 8743 4897
252-323-2066
079 4992 7672
203-793-4652
859-554-2164
570-967-7485
616-289-5045
419-607-2484
714-549-6470
070 6027 3537
412-389-3747
(02) 4005 9672
(07) 3461 4122
864-938-1007
079 8681 9254
070 4490 6902
078 1392 6406
079 8002 5971
(08) 8316 6220
(07) 4973 1701
661-218-3525
070 4446 1119
078 3846 9396
(02) 4294 4768
079 2616 0072
077 7965 2264
(08) 9094 7661
078 3192 7060
(03) 5375 4192
678-822-6584
917-318-7244
(07) 4564 8841
077 2565 3253
(03) 5334 7555
507-288-4923
(02) 6778 5792
(07) 4951 1812
973-683-5379
(03) 6254 8715
078 3108 5808
077 1930 5978
734-428-6071
079 0528 2358
530-542-2335
078 0402 8126
079 7272 7298
(03) 5333 3006
078 8806 2710
077 3028 4141
078 1016 0492
070 1842 2926
936-538-6696
516-484-8517
070 2568 0083
079 1223 6561
077 2599 3862
217-812-7651
931-304-6649
078 2328 9304
626-403-8959
(02) 6126 2294
079 8784 0803
(08) 8381 6165
078 5012 9045
502-528-2162
912-699-2213
070 1107 0447
(03) 5338 1958
(02) 4088 0629
310-552-1214
518-303-3513
212-467-3743
078 8036 0477
970-323-4287
070 0622 1033
079 1116 0583
078 4594 7336
847-584-5890
077 7882 6628
079 6915 8441
308-615-5359
781-561-8221
724-624-7837
312-475-7618
973-817-9266
078 0443 5545
(08) 9000 7444
727-444-2649
070 7946 1447
504-826-5810
323-201-4529
078 0016 3493
077 2688 8712
(07) 4978 5333
901-597-2178
870-494-4220
079 2279 5047
079 4365 3903
484-690-7861
079 2101 0275
070 1592 0302
(02) 6773 4378
507-294-1153
(03) 6272 4677
843-307-7809
(07) 4925 6249
(03) 5372 7564
(02) 6167 3537
070 5116 3688
077 5379 5640
078 5014 9232
323-235-6270
(03) 6293 5311
078 0126 5259
(08) 9219 1966
078 2264 1178
077 7582 7091
850-524-0684
078 5688 1096
070 0260 6231
815-918-1666
070 0709 0830
078 8080 3153
614-863-8580
078 4778 4929
(03) 5300 7454
(08) 9007 7885
078 0690 2633
440-777-8970
(03) 6262 3582
(02) 4913 9972
078 5143 0755
070 7934 0816
079 3802 1776
618-232-9080
(02) 6767 7970
077 5464 7497
770-539-3729
(02) 6737 8472
773-288-7117
317-213-1872
(08) 8321 2039
(08) 9062 8246
219-728-0951
618-362-2730
070 8568 2760
077 1734 9713
(07) 4515 6446
077 5037 1967
323-838-9291
918-659-0777
704-485-4101
078 2241 4676
078 3073 3373
078 4933 7752
(02) 4981 8358
843-380-9608
078 0417 8487
077 5944 2681
989-962-4653
079 0957 0988
931-456-3109
443-490-8255
(08) 8782 1481
914-392-1405
(08) 9494 2415
(02) 4953 5355
078 6849 6316
(07) 5654 5700
561-354-9071
(03) 5328 7913
077 6032 5061
810-390-5598
077 4260 3595
(08) 9029 9415
215-225-9854
078 6243 0688
079 1874 0477
(02) 6105 4157
079 7695 1997
(02) 6753 0879
070 7224 6636
858-610-6414
(02) 9041 8736
702-397-4063
078 5532 9798
070 2703 7738
(07) 4580 7181
708-651-8426
079 0660 7792
078 1356 6063
281-731-3645
(02) 6250 5110
(07) 4542 2424
078 6305 7418
079 7163 8832
079 5547 2972
(07) 3439 4542
308-457-8100
(08) 9328 3231
(07) 4048 4482
281-423-8642
077 5614 5586
070 5932 1154
079 2605 2298
925-274-4021
070 1166 6328
(08) 9006 6664
(02) 4755 6085
(07) 4927 9705
078 8802 3209
077 3286 6888
077 7057 4597
(07) 4030 3380
077 4830 4906
(07) 4511 3649
078 2059 9615
077 6880 6287
(03) 5339 2388
(02) 6784 3116
251-974-6459
070 6101 7154
714-693-0579
202-609-9353
(03) 5352 7365
229-593-6997
077 3097 8218
715-747-9942
(02) 6778 2805
803-321-3745
757-213-4081
077 6820 4861
630-558-9090
077 2855 6124
(03) 5334 4217
(03) 9523 1202
079 8667 5972
077 2339 8881
070 1849 7304
(03) 5386 1910
(03) 5331 1155
078 5103 9615
830-431-0924
079 5516 8443
210-922-5250
079 7063 9040
(02) 4967 2603
510-654-7188
(07) 3918 2384
(08) 9437 1016
815-468-1338
070 2955 5620
077 7661 1896
079 3784 4523
732-613-3229
(02) 6731 3254
077 1049 0730
070 5893 4863
078 5997 9507
(02) 6162 6694
412-544-7611
(07) 4509 8508
(02) 6170 7318
077 0932 2724
816-512-6271
079 4141 2239
078 1961 1761
078 6694 5854
(03) 5320 1107
078 1675 7412
070 0026 5451
077 3564 5061
(07) 4530 9732
217-267-4643
(03) 5367 5161
(08) 8301 7012
212-912-6577
757-736-9739
(08) 8357 7564
(02) 6770 0772
(07) 5323 7421
(03) 6294 5008
079 3240 3887
(02) 6750 8810
070 3920 1098
409-916-2940
248-280-5648
847-298-1047
070 1351 8411
070 1095 9284
(07) 5657 2493
070 8101 7046
508-548-3993
717-232-5013
078 2490 0384
225-379-9208
(07) 4950 7908
(08) 8397 6673
(02) 6745 5298
219-871-7841
(03) 6251 4472
210-412-0415
078 0845 4230
077 3101 2616
(08) 9013 4733
079 3335 8897
(07) 4012 3385
920-347-8594
425-204-8915
361-436-7689
(08) 9272 4362
070 4708 2379
077 1054 5061
301-983-3165
(03) 9329 0601
(08) 8297 3797
(02) 9786 8591
079 6683 2325
412-756-8043
573-349-3791
864-633-5837
(07) 4910 3186
070 8556 5049
(03) 5342 8511
078 2495 5739
(02) 6170 7174
(08) 9277 4272
078 1598 4188
(02) 4910 8888
212-264-7844
070 1237 7667
(03) 5363 3180
(02) 4773 2661
(07) 4910 9653
078 2966 8503
070 0797 9518
425-462-4590
070 2531 2353
078 4184 6267
(08) 8757 0228
(08) 8795 5977
(03) 9154 2852
077 2897 5899
079 6551 2779
240-225-9483
724-624-1544
078 3002 1318
078 0513 7680
079 1396 2729
773-203-0057
469-519-3784
801-256-5533
(02) 4044 9043
916-729-7562
070 6110 9018
079 7029 3192
510-436-3696
070 5755 7784
(02) 6198 1635
(02) 4671 1162
070 8170 4744
(08) 9058 2189
419-825-1151
806-244-2819
770-741-1659
(03) 5346 8078
(02) 6140 1738
078 2875 3468
478-243-6367
(07) 3638 8495
078 3073 6486
079 8777 8280
(02) 4098 6682
443-424-4986
070 1590 9229
312-390-4009
908-302-8640
078 3165 9843
077 7426 5053
(03) 5325 6150
(07) 5632 6854
078 5260 0374
610-383-7792
765-737-1410
(02) 4914 5993
214-530-9873
078 8505 6680
706-407-5379
864-328-8734
070 4894 7779
079 4078 7651
916-930-3682
870-424-0407
079 7422 5438
(03) 5392 7239
070 1588 5731
949-858-5406
077 3803 2142
(08) 8244 8422
918-774-4016
078 6050 0083
070 0880 9974
079 6867 9129
077 4847 9842
(07) 5366 8838
077 2015 3944
(07) 3879 3716
(03) 9565 5134
(02) 6143 5643
216-522-6571
803-633-9044
078 0901 1466
806-727-0145
(08) 8379 9133
070 0008 8434
(02) 4272 6678
079 1848 9194
330-923-5865
(07) 5346 8968
(08) 8249 6798
070 7510 9005
650-289-5436
(07) 4924 5598
815-649-8322
078 1174 5643
(08) 8379 7372
(02) 6177 7508
317-603-9983
864-212-2773
(02) 4675 9307
920-313-7534
078 6716 9864
717-485-2048
(02) 9907 2219
267-434-3276
(02) 6117 4418
707-739-5273
078 3451 6271
(02) 9651 3336
612-555-0685
070 4913 5396
077 3812 9659
078 0279 1358
810-987-1620
077 7197 2069
(03) 6253 3514
304-643-3399
651-815-1331
305-717-8256
(08) 9253 1598
(07) 4013 5961
(02) 4074 3868
077 5341 9187
079 1112 4192
077 2303 3996
077 5065 9901
(03) 8377 6244
724-394-5373
077 1149 4696
079 0430 3829
203-787-1733
203-491-7291
077 7605 1545
(08) 8339 1829
912-921-5966
415-792-5533
077 4568 6676
(02) 4657 5554
308-380-1357
(07) 5369 0799
(08) 9062 5657
440-506-0032
847-731-0429
(03) 5387 0753
410-825-0834
(02) 4643 2122
078 8231 6891
077 4862 2155
070 3100 0375
070 1964 3026
724-254-2324
(03) 5312 4712
078 2162 3333
(07) 4559 3444
(08) 9037 0231
(02) 9683 1510
079 5658 6498
079 8460 4972
(03) 5361 5108
(03) 5364 9525
215-446-2710
079 4184 0735
313-840-5181
(02) 4953 6990
077 2275 6368
(03) 5376 7897
(02) 9000 6481
070 6783 0426
512-913-9085
(02) 4093 9704
252-791-2966
079 3269 6803
479-848-4238
(03) 6292 8882
(08) 8960 0920
070 6530 4009
070 6398 7754
070 8095 9845
077 3922 9845
248-546-7608
(07) 3330 2332
(07) 3208 7782
520-459-2652
(02) 6622 4724
070 6930 8046
(07) 3583 0608
256-784-6413
(02) 4929 9240
503-814-2989
(08) 9025 6926
079 0668 6642
(02) 4037 2008
419-773-5809
079 5271 6151
078 4365 5659
(02) 6139 8324
(02) 4905 5211
(03) 6291 3019
805-509-9109
843-767-7063
079 5532 6456
(08) 8238 4478
070 1587 1793
077 6375 6556
703-758-0105
559-819-6897
(03) 9993 6761
337-616-1095
(02) 6144 7075
(03) 5311 6044
(03) 5383 6045
070 8570 7005
(03) 5307 5099
077 0141 0969
079 4278 9897
(08) 8356 6007
864-609-2293
304-352-8512
070 8283 1441
580-766-4767
070 5020 4040
(03) 6249 6348
(02) 6132 2689
077 6626 3483
(02) 4959 6307
540-798-6859
078 7219 5061
(07) 4544 8679
937-603-1689
079 5917 2600
906-482-4098
781-952-2538
079 2708 2049
077 4524 6648
079 2438 1038
818-282-2102
(07) 4915 9698
079 8846 1482
641-431-3368
408-337-4409
(03) 5304 6187
(02) 6123 7791
070 5434 6066
304-943-1269
(08) 8787 0448
(02) 6739 5339
660-859-6850
(02) 4042 8092
908-450-5303
707-501-5770
079 4288 5095
734-853-3422
309-674-4194
315-904-5731
231-512-6490
904-853-1422
(02) 6187 4555
(02) 4634 4559
(07) 4004 0415
(02) 4088 9460
077 0630 5481
(08) 9052 3445
077 2123 3788
503-879-0886
(02) 4019 3934
(08) 9068 3064
077 4606 7069
070 0598 8762
408-778-4140
336-591-6196
078 4536 4355
(08) 8255 4050
740-285-8508
(02) 6703 4861
(03) 5317 1823
078 6031 3222
(08) 9285 8391
(02) 9987 8880
070 8695 9270
078 2906 0378
079 0295 3922
(08) 8271 7484
(07) 4013 9690
502-759-7665
079 1210 7982
(07) 4598 8336
078 6590 2751
602-597-4697
(07) 3607 9564
260-377-9865
070 8175 6758
077 8559 4410
(08) 9022 2172
070 2606 4816
077 3493 6606
419-500-0327
079 3162 6895
(03) 6224 8058
(07) 5666 6723
079 3906 8088
323-349-7070
954-619-3674
079 1004 2861
079 1137 3502
(02) 4076 6440
(03) 6205 0339
077 1069 2792
(02) 4962 1905
(07) 4541 5031
078 3574 9815
(02) 6799 5321
070 6045 4704
070 7909 9263
(02) 6133 4016
(02) 4912 2436
919-432-3126
070 4259 7504
620-896-3471
(03) 5345 7082
078 6378 7433
845-207-4551
(02) 4050 2111
070 0409 6316
909-297-0391
318-834-7683
(02) 4066 7910
079 8470 1934
070 7329 4576
(02) 6795 5893
510-891-4392
078 5704 7173
078 8024 0622
070 1098 2818
070 4455 8360
(08) 8258 2815
503-421-2804
070 6008 5052
070 2234 0699
321-867-7534
078 4799 1277
079 0025 7705
(07) 4920 9027
077 4737 2338
079 7748 5730
079 5284 3509
(02) 4919 7874
(07) 4583 0193
714-206-4619
505-849-4030
(02) 6705 0824
077 2722 3664
803-772-1381
(03) 5376 6779
802-549-6028
760-695-1732
(07) 3163 5514
502-995-0891
903-678-0333
079 2389 8842
079 1315 0958
323-761-7587
079 0211 6412
973-560-3217
(08) 9002 7803
(03) 5321 2703
077 3578 1329
077 7095 5224
(03) 5339 8358
078 4075 0010
077 2990 8001
216-941-5990
079 0303 1949
070 5919 8592
070 0191 2749
078 1203 9234
077 6058 1850
(02) 6738 8896
(02) 4064 1555
079 2889 5360
079 6484 5446
(07) 4565 1724
(07) 4934 9081
402-585-6002
(03) 5376 8019
315-447-7530
(02) 6723 8865
078 4709 2227
(08) 8715 8039
(08) 8251 1244
077 6628 0853
425-957-5453
661-974-6329
660-787-9186
(08) 8756 0648
(02) 8854 3910
(02) 4014 4919
(02) 6725 0556
812-594-1386
077 3957 0845
(02) 4038 9047
(08) 9020 7842
078 2560 9394
(02) 4680 0675
860-506-7936
078 1667 2475
(02) 4928 6925
(03) 5362 6617
077 6120 7105
765-386-4706
440-460-1958
079 2738 1514
(02) 4004 7777
920-799-1089
315-616-0020
(03) 6220 2023
079 1012 3017
077 3630 2411
070 0011 5205
070 6722 2366
865-245-4794
(03) 6226 7909
(02) 6706 0466
077 8768 2477
(02) 6185 8344
070 2378 6493
208-877-8715
079 4361 1905
(07) 3926 4915
(03) 6222 4014
209-675-3147
077 6589 0603
078 6360 8436
(02) 6169 0547
626-405-7205
(07) 3863 5025
347-436-7745
079 3991 4220
078 3144 8175
079 7629 2556
815-778-0021
077 2305 8716
408-690-8764
078 8923 6662
(02) 4978 1532
(07) 4919 3453
856-824-0904
732-207-2139
(03) 9520 6488
678-576-9290
(02) 4006 0722
614-208-8482
(02) 9675 6231
(02) 9477 8982
718-240-0734
414-443-8337
(08) 9037 1632
(03) 5387 5257
(03) 6230 2987
701-765-7906
078 6513 1491
078 2731 0846
772-335-0003
903-489-6795
843-200-2576
(08) 9213 3064
432-362-4616
(03) 5300 1502
077 5316 7615
559-442-6890
858-943-7906
815-602-4652
319-294-0166
817-735-9488
614-346-6479
(02) 6762 3066
(07) 5605 4344
508-851-1758
(07) 4006 0588
209-576-3048
562-940-1745
605-885-0058
(03) 5378 1361
(02) 4033 3187
303-223-4231
(07) 4975 4272
079 2003 0475
(03) 6222 3975
386-383-3017
079 1856 5529
580-634-1392
212-293-0252
(03) 5339 3814
954-782-9645
707-248-1008
(03) 6255 8803
079 0962 2375
077 7344 0770
713-544-2534
(02) 6252 5346
079 3602 8502
(03) 6270 9479
077 8814 1158
079 0393 9050
(03) 5326 7598
079 8895 8364
805-559-9271
870-390-2882
078 2913 5206
(02) 6751 1078
(07) 4931 9341
(07) 4552 1774
(07) 3967 5376
580-510-8292
(02) 6191 7883
078 0858 4679
406-656-0895
215-560-8482
(02) 4072 7694
765-789-6429
419-692-7013
248-227-6514
078 7356 6217
814-876-6653
078 5101 6559
(02) 6782 0417
303-463-2772
070 5303 3172
079 6396 9970
850-210-3727
070 7825 3237
847-829-0584
079 3164 7976
201-225-3984
070 3121 1546
(02) 6702 8990
078 2758 6542
719-436-0279
630-614-9275
(02) 4088 7255
510-817-1089
810-205-9822
078 6033 8297
077 2999 4381
(02) 6151 8895
(03) 5373 2217
(02) 4099 6379
079 4868 8113
(07) 3473 0289
(07) 4549 5166
512-378-8919
(08) 8972 3489
079 1772 2356
(02) 9484 8033
(02) 4027 8877
(02) 6120 2580
314-645-7032
724-671-5365
401-741-8995
301-745-7623
603-337-0071
(02) 4069 3627
070 3913 1067
079 5910 9848
919-485-5615
973-312-4065
077 0295 9859
079 5034 6682
070 2613 2485
078 3262 5277
775-351-8282
512-211-3358
(07) 4909 5543
(08) 9040 0308
(08) 9024 5151
262-832-3884
(07) 3292 2608
070 0909 8415
580-348-9596
079 8759 5954
079 5253 8534
(07) 4507 9350
(02) 6766 3388
077 0887 5959
(03) 5342 2019
(08) 9066 3120
070 5522 0874
077 3580 1056
070 6199 6350
(07) 4025 2958
(02) 6771 4239
070 6273 4152
703-403-5544
231-686-5831
(03) 6278 4788
077 1475 8848
(08) 8308 0547
443-371-3999
(08) 8306 4757
078 4500 5776
(02) 6755 1676
077 4485 8632
079 8313 0436
610-968-2249
817-397-9321
070 5630 9566
913-874-1004
(07) 4547 1078
077 2237 9452
(08) 8275 6832
079 7159 3771
(08) 9094 4726
070 2224 0650
(08) 9071 8583
(03) 9216 2128
077 0280 1562
(03) 9454 6601
(03) 5346 2944
(02) 6771 3080
(02) 6192 3743
078 5795 0540
077 7495 2667
077 8439 4141
(07) 5664 4919
077 2018 8699
814-358-6232
601-954-3968
077 4171 5578
724-314-7027
979-335-9359
079 2354 4529
077 8231 5672
858-350-3801
(02) 6738 0070
078 1125 8390
077 5917 9781
079 2624 9067
078 0701 7508
573-731-9091
727-561-5635
386-239-3215
512-554-5669
(07) 4915 8181
530-419-3281
077 1646 0164
(03) 5391 3496
(08) 9064 4149
320-278-4883
077 6516 6236
540-591-0956
(07) 3393 8081
918-809-8668
262-448-0845
(02) 4908 3489
079 5669 9532
078 0834 4881
078 7157 0997
(08) 8206 4877
504-734-0157
717-730-5719
(08) 8219 6983
077 3436 8460
078 2401 0948
(08) 9062 2818
501-318-7370
077 8368 0314
(08) 8273 0563
425-886-1235
740-467-6110
(03) 9423 3525
831-295-1958
(08) 8314 9884
079 7444 9977
070 1315 9129
077 7214 3776
(02) 6127 7951
079 1483 2334
(02) 6146 6431
077 1883 3794
079 5850 9094
(02) 4650 3930
269-335-2201
078 3121 1389
785-439-9536
(02) 9885 4752
620-675-0708
502-681-0072
262-228-2496
785-246-5949
949-891-9621
070 8700 5472
408-543-2090
078 3295 6094
077 3380 7435
540-858-4475
(08) 9009 9811
573-204-3816
912-270-2087
079 2619 6344
916-862-7737
070 6331 8138
701-579-4516
070 7632 4170
214-704-5629
314-479-1934
079 0886 0981
361-644-4094
077 4773 5222
580-515-3150
079 8030 4805
973-566-4206
(08) 8266 4127
(07) 3265 0860
714-510-9221
(07) 3192 3019
(07) 3087 3296
077 2011 9138
079 5379 2565
(08) 9459 0092
079 7144 2707
(02) 6777 1158
(03) 5361 3436
916-232-2632
806-326-8925
077 2780 0136
(03) 5329 7852
817-259-9261
618-356-3873
732-790-9866
276-345-2111
070 3848 6414
231-522-1062
(02) 4930 4240
070 4605 7775
078 3198 5487
077 4822 0748
077 2353 4342
077 0694 8444
070 0276 3782
314-763-9877
305-266-1398
229-944-4282
903-783-1389
516-222-6179
651-389-2264
515-290-7709
070 4772 9031
070 7613 0422
077 6215 4864
330-623-8909
070 1101 5036
078 3927 2776
(07) 4948 7867
860-356-3500
(08) 9047 5309
(03) 6291 6171
077 4272 2253
212-712-2407
661-327-4630
(03) 9654 9586
(02) 6765 3339
517-420-0499
(07) 4073 6996
(02) 4049 9309
916-649-7414
078 4560 2608
(03) 9762 5669
(07) 4094 4845
078 1692 5207
559-787-2180
079 8686 8496
757-984-5490
(02) 6718 0235
209-518-8767
202-347-7427
239-434-2688
(02) 9417 8274
608-281-2402
(02) 4020 5153
201-379-7630
078 1183 3698
(02) 6699 1210
(02) 6180 3123
070 5058 6467
078 1350 9135
(07) 3445 1448
079 8525 3288
079 5922 2189
864-877-3515
079 4423 7038
078 4822 6670
(08) 8315 5937
(07) 4097 2451
077 0773 4954
079 8246 0549
505-378-7059
078 6354 4024
(07) 3235 6145
770-953-5661
314-882-0814
070 2356 1946
712-738-3115
618-424-0160
408-384-6255
585-753-3894
309-429-7082
070 7893 0313
077 6034 0950
406-795-7143
079 4177 3408
239-377-2453
077 4713 6358
(07) 5639 1197
919-869-0112
941-206-7921
907-372-6349
079 6305 8872
(08) 8778 1342
312-217-0725
704-476-0261
079 2308 3669
(02) 4931 4084
781-338-8378
(02) 4766 5785
079 2208 1772
620-614-7636
(07) 4003 1198
079 3704 8832
(07) 5657 6200
(07) 4560 3246
070 8751 5534
(02) 6797 8322
(08) 8370 9588
608-342-2605
321-952-0023
218-556-3047
501-745-0896
079 8616 1724
774-402-0920
(03) 5347 0683
(08) 9048 6528
508-968-1531
078 0582 4504
925-847-4400
(03) 6276 9100
740-674-1737
078 0319 8296
605-783-4934
079 7631 6369
(03) 5345 9915
810-881-7928
(03) 6265 7411
401-481-7554
972-282-4712
610-954-3138
781-750-1929
(02) 4369 4966
070 5313 2976
077 8746 4868
(03) 5376 6616
079 7166 3533
070 0149 6603
(07) 4593 6435
972-526-8742
254-730-4331
070 5670 0116
469-789-1312
078 4089 2049
(03) 5380 8884
(08) 8379 8624
070 4113 3343
(08) 8923 1852
(02) 4237 7791
843-746-6138
843-472-5509
079 3304 9765
(03) 6204 1671
070 4893 5945
077 2838 3358
077 1761 8607
(02) 4026 9935
(02) 4078 7997
079 8165 3744
(08) 8270 8334
(07) 5373 3722
949-488-5697
078 0473 5274
(07) 5318 5731
(07) 3229 3031
(02) 6721 4434
070 3261 2556
(03) 9876 0657
077 0673 1837
(07) 4082 2329
(03) 6227 0082
717-583-9615
079 8495 5926
706-572-1435
078 7127 7806
078 0522 1690
386-698-7302
832-635-6866
070 1140 2595
079 1650 3113
518-934-0978
(07) 5662 0330
601-736-3066
(07) 4926 1410
(03) 5358 8901
079 3012 1247
(03) 6203 9679
(03) 5362 2455
070 6054 2384
610-536-7812
077 5148 8227
077 1909 0532
502-940-5017
(03) 6222 8107
559-732-5562
070 0273 4024
070 7276 7497
662-554-3647
(02) 4383 2067
423-262-8354
315-402-2381
503-498-7382
315-321-7120
(02) 4666 9519
078 2321 8303
(03) 5380 9236
070 1124 8051
(08) 9443 1074
079 1422 1180
314-654-9417
079 6286 8795
661-775-1559
213-246-8113
(08) 8288 4782
317-248-5290
(08) 8769 7637
(07) 4908 9199
814-762-6158
079 8275 8534
077 7581 1885
078 0309 1052
(08) 8282 5401
540-662-9801
077 6391 6877
614-994-4816
203-561-4333
070 3278 5352
079 5655 3967
(07) 5685 8302
(03) 5348 8018
(03) 6215 0614
077 0898 1372
(02) 4026 4662
077 1099 5914
870-867-2277
(03) 9527 7994
078 5580 2556
973-293-3354
077 6516 1427
352-477-7771
559-254-8746
(07) 5636 4463
079 1495 8281
078 3010 8466
281-276-2511
(07) 4583 6849
520-316-1874
417-955-9031
215-895-8367
413-298-8220
(08) 8399 7151
077 0992 1488
(03) 5349 2986
703-361-2712
(03) 8699 5083
079 6517 2797
070 3811 2244
077 4707 7861
078 8893 1070
(03) 9736 7137
077 1586 7568
079 8903 3468
(03) 5396 6602
077 3205 2106
079 3824 1729
806-381-8792
502-775-7480
(03) 6230 4448
660-797-1924
(08) 8297 5810
070 6189 0263
(02) 6184 2733
078 8147 8950
(03) 5301 3543
(02) 4091 5694
078 3280 7328
(03) 6236 2991
313-739-6064
(03) 6271 7718
(03) 5302 5595
079 8160 5170
079 1997 7297
484-372-4411
078 1376 5085
(07) 4084 0951
(08) 9010 2735
078 6255 3359
616-249-1066
(08) 9059 6030
079 1476 7987
077 8648 8271
(07) 4098 2886
509-657-9964
(07) 4541 7544
079 0181 0197
078 4456 5771
772-469-9842
(02) 4919 4050
(02) 4005 0804
078 6143 3004
410-294-6908
(03) 5389 4095
(03) 5396 9035
313-731-0489
912-772-7266
(07) 4516 6359
078 4238 5544
077 5983 5749
817-441-8737
070 8354 0471
078 8187 3272
077 7824 3794
773-221-0966
(07) 3986 9585
077 8072 3980
078 0148 6512
077 0541 9805
078 1335 6922
077 0495 4578
(02) 4083 8032
(02) 4086 1946
(08) 9089 2227
870-766-3918
070 6372 6918
077 6848 5658
(07) 5617 5854
863-397-3145
(02) 4935 3523
402-352-7501
(07) 4931 1649
901-379-0098
308-334-0450
(08) 9093 6228
(02) 6169 1726
801-404-7473
(07) 3542 9948
079 2664 5403
419-749-7947
(02) 4077 4017
079 7153 3073
078 7999 0362
077 3732 8783
(07) 5674 8026
(02) 4645 7354
(02) 4091 7030
079 6390 4566
(08) 9036 1653
(02) 6715 9727
580-436-9867
(08) 8204 5086
(08) 8207 9730
347-613-3792
(08) 8715 1800
(07) 4984 0878
937-777-9649
(02) 4062 7352
757-742-8235
(03) 6223 1187
(08) 8710 9314
407-358-7208
570-365-1663
(03) 6275 4490
077 0060 6411
(02) 6154 6543
505-338-4921
078 7837 4083
078 1990 2740
724-909-8045
079 2951 5288
070 4893 7104
079 8999 7377
077 4024 8641
650-549-7976
(07) 3453 8218
070 4125 6897
078 4045 9309
630-329-8728
070 3961 7360
(07) 4531 3413
(02) 4347 1023
540-623-2320
(07) 3434 5155
077 7514 9323
079 3113 9268
978-592-2991
079 0508 0514
419-690-8706
217-588-6935
978-774-7025
347-710-6328
(07) 4043 0164
(02) 9921 4417
(02) 4911 9396
269-792-7530
508-504-4763
077 2922 8445
077 1352 3011
952-431-1873
702-424-5722
(03) 6202 5460
(03) 5322 7522
079 7095 4502
(02) 4035 8574
078 0905 8106
(02) 6741 5053
078 1515 2279
937-645-1023
070 8762 1353
(03) 9704 0880
443-689-0847
(07) 4065 0763
079 0003 1387
070 2517 0116
070 7814 0239
(08) 8329 7623
(07) 4950 2925
077 3619 9185
(02) 4074 1952
078 7206 0043
360-397-1767
078 1862 1643
(02) 4018 3768
(03) 8281 9774
337-372-7379
(02) 4981 0197
303-241-1919
(07) 4923 0210
(08) 8371 2057
(07) 3240 3032
206-730-9911
077 7194 6097
070 5453 9747
070 5732 4859
310-336-2013
(03) 6279 4709
662-635-0774
070 1696 1422
077 8438 9439
(03) 5361 3026
079 8231 5704
(07) 4545 6698
(02) 9963 0397
078 0391 6534
319-830-5807
(07) 4501 3897
079 1533 2683
507-856-2222
(07) 4532 6307
(03) 5398 9980
079 6522 7220
077 3386 7159
(02) 9782 3086
719-446-1926
(07) 5313 4333
440-528-1707
078 5154 3116
907-456-0954
078 2988 4993
916-977-4762
(08) 8389 4574
(02) 6788 5613
336-370-2445
079 2142 8403
(07) 3959 0008
077 4303 6970
434-636-4121
240-605-1968
972-699-7950
203-861-3382
(02) 4095 2707
(02) 4050 2569
(02) 4925 2146
077 5644 2807
077 6056 6132
281-928-6327
559-236-6086
(03) 5301 0975
716-532-2793
540-575-4879
078 3515 9811
216-956-1399
070 3930 1617
(07) 4044 2225
(03) 5347 2426
502-441-5389
415-242-9885
077 0647 8607
760-446-0369
434-953-1412
(03) 9130 9453
(08) 9014 8015
(03) 5300 9774
(08) 8387 5540
410-367-0692
077 2662 4212
505-309-5757
248-570-7167
(02) 4989 3382
077 2576 2890
859-474-0273
070 1849 2254
419-551-7630
702-562-4747
(03) 5306 9371
703-641-1835
570-271-5860
070 0079 5020
303-443-3605
(02) 4092 3723
774-593-3439
(02) 4071 1014
406-282-4610
070 4425 2706
(02) 4908 9391
662-531-9880
(02) 4775 6906
(08) 9339 1708
078 3799 1629
(08) 8778 7231
(07) 4006 6128
(02) 6747 0040
(07) 4091 1438
070 5028 0748
410-687-0511
207-635-8832
714-516-0608
(02) 6795 7678
077 8291 5255
070 2803 9362
405-753-5255
079 0572 7545
077 5895 3658
443-601-2667
(07) 3625 1318
078 1152 6859
(08) 9426 2880
773-776-2818
(02) 6777 2785
(08) 9099 4943
079 6135 0917
479-674-5002
(02) 6750 5502
716-945-9035
978-671-6275
077 2885 3577
201-305-1773
070 5126 9602
078 5531 8609
(08) 9069 7960
(08) 8313 6037
(03) 9018 2476
078 2920 5504
510-918-9703
(02) 4095 2076
(07) 4573 5686
508-869-3713
(08) 9006 0600
(08) 9059 0141
610-813-6766
070 4137 8996
077 4666 9538
078 8457 5893
215-722-1968
(02) 6749 6461
425-222-9453
079 1923 1751
617-626-9332
079 7254 0478
079 6105 2855
(03) 5330 1933
360-902-8902
(08) 8343 4730
(02) 6141 7338
(07) 3071 4083
(03) 5330 1466
070 5992 0943
(02) 6194 2009
661-702-6596
(07) 4500 2260
070 4218 9289
765-576-9461
502-468-0280
(02) 9431 6447
077 2217 9066
079 7516 8207
079 0065 7930
757-496-7001
078 7911 3305
070 1728 5567
(08) 9063 3570
(07) 4564 7525
541-312-5545
077 1623 4080
078 6544 9081
(02) 4031 8551
978-201-5908
313-283-2096
078 1483 6726
070 5360 0052
915-225-2478
070 7825 2778
701-836-8316
952-346-8906
304-569-7713
(02) 9136 7739
(02) 4765 4280
070 2257 7919
305-224-4736
(02) 6760 6744
706-800-6009
070 6881 8292
(03) 6287 0858
406-723-4532
586-776-8692
077 1611 4631
(07) 4517 6212
(02) 4930 6287
318-590-3804
(03) 5367 1447
972-642-5970
(07) 4593 6088
079 2047 7365
079 8232 0507
077 5268 2924
706-364-7128
706-404-3112
079 3081 4895
(08) 8252 1546
757-365-6416
925-876-0773
415-834-8710
(03) 5350 7671
864-578-0230
078 5714 1736
078 4501 9731
(02) 4990 4514
(02) 8169 1632
079 1732 4466
414-307-1859
077 5335 1023
(02) 9676 8254
310-209-0552
(02) 4966 9417
079 5314 6272
910-816-6767
070 6225 4332
(08) 8718 9865
(08) 8703 0131
(02) 9192 7662
218-359-3067
077 6787 5115
(03) 6285 1538
717-509-0011
079 7205 3784
432-259-6013
(03) 5300 9047
079 7675 5427
070 1154 7398
078 0456 7018
078 1394 3487
(03) 6259 0874
077 7493 1201
616-459-6862
214-921-1271
(07) 5350 2619
070 6579 6828
079 2502 9873
(07) 4049 0368
(08) 9083 6481
505-239-0821
562-894-5911
432-697-9937
(07) 5359 9329
077 7103 8748
(07) 4921 0643
706-827-3246
(02) 4673 8832
(08) 9041 8993
079 4462 9520
(03) 6263 1187
802-753-7783
409-554-1954
(07) 4047 7325
078 7090 8230
(02) 4963 4041
636-305-6834
(02) 4625 9214
070 8723 2611
079 5806 5614
078 1474 3081
070 7469 2664
078 7725 4272
(08) 9099 6919
(02) 6719 2549
079 4360 0058
972-470-3947
070 6520 0068
(07) 4526 0903
078 4385 3822
361-339-7541
(02) 8228 1030
077 6532 3929
078 0022 6795
(03) 5336 2593
(02) 6152 1248
518-361-5450
530-387-3324
(02) 4004 3792
319-851-5155
401-742-3977
(03) 5373 0271
828-318-1660
(02) 4900 4570
079 4542 9312
070 2235 7718
315-234-3868
078 1358 5109
(03) 5399 3274
077 1595 3163
(08) 8295 3350
(02) 6189 4300
209-969-2352
970-655-6516
077 4023 4153
(02) 4035 0142
(02) 4067 5647
(07) 4097 7491
785-326-8641
(07) 4917 5476
785-522-7950
(03) 9762 2580
078 3314 1150
(02) 6102 5838
(02) 4758 5352
078 6992 9706
(08) 8773 4365
070 2799 4408
304-464-4139
(08) 9073 6472
(03) 5345 9429
077 8040 7703
078 8215 6427
774-553-5433
(02) 6179 7097
419-344-5817
209-993-8514
301-695-3159
(07) 4969 1352
079 3367 1032
078 2801 2296
(07) 4998 3089
(07) 3903 9990
077 7147 3464
270-828-2621
077 3520 1396
(08) 9084 6249
(07) 3716 7043
520-790-0881
077 8011 8449
(08) 8752 6435
077 0104 0056
(02) 4068 4833
077 0130 1788
(02) 6142 1971
079 8507 4427
(02) 6735 9510
078 3515 4435
(02) 6107 4887
(08) 9081 8226
(03) 5351 5385
078 2800 3323
440-888-2970
(03) 5397 5008
(08) 8764 3021
070 5355 4286
479-553-0809
079 5606 9505
(08) 9217 9592
079 3661 8845
(02) 4051 4024
070 7219 0449
078 0861 7710
078 6807 1364
610-780-3554
(03) 5381 4650
906-458-5308
757-467-6601
562-807-7721
313-235-7882
079 1828 6280
078 5861 5774
646-369-1652
516-620-3801
070 0447 9557
070 2009 5769
(07) 5638 1023
580-856-6273
605-835-6526
079 1692 0766
(08) 9095 5903
940-867-1799
078 6279 6023
079 8112 0181
317-657-7010
(08) 8393 3320
078 0482 8568
(02) 4034 7868
077 8960 2908
(02) 6162 9302
856-719-2279
078 3117 5479
530-658-0481
070 8110 6340
914-696-5254
(07) 3736 0121
070 7301 0132
248-644-0620
070 3638 0512
832-394-2954
404-258-6055
(03) 5322 6220
079 0074 0822
361-377-8293
070 8473 1530
(08) 9044 7583
078 6521 8698
079 0437 4946
706-359-9737
(02) 6708 3700
(03) 5340 9372
070 0567 4869
617-989-7257
435-771-1056
(03) 5361 5431
910-442-7624
(03) 5332 6893
070 7654 1585
336-816-1448
305-243-5887
(08) 8304 2903
408-347-8412
(03) 5343 6258
070 6221 7481
732-475-9224
077 2872 8386
540-512-1665
425-736-2922
(02) 6763 5530
(08) 8253 4546
574-607-9791
070 3893 4220
662-864-1187
937-480-8626
070 3330 2366
070 0101 8025
770-606-5889
070 7166 1530
(07) 4551 8590
079 3433 8700
(02) 4907 4815
612-242-0453
(07) 4979 3639
(08) 9031 9673
077 2427 2388
407-643-8700
(02) 4650 2346
078 8402 9422
079 6058 8894
078 5351 6558
078 6615 8979
336-474-9380
078 0913 7154
(02) 6107 7924
302-403-5013
(08) 8285 9736
(07) 4591 1807
661-966-9693
612-237-3691
803-238-0020
079 0998 9019
(02) 4258 8442
(03) 6288 5894
904-484-0846
078 5802 0604
561-245-6114
(02) 4904 0209
070 8119 2787
636-722-8600
801-885-5670
070 6367 9317
832-818-9486
078 4957 4815
079 1071 7390
412-263-1627
(02) 4636 9592
079 0894 1275
078 8708 1766
562-201-4891
(02) 6116 6271
077 6099 3742
408-962-9164
(03) 6237 7899
(03) 5312 8436
916-219-5364
(02) 6178 3404
(03) 5384 6623
(03) 5323 3229
070 6938 3338
910-327-5042
(07) 4567 7626
630-377-1082
(03) 5302 5549
079 8702 5384
(08) 8331 6165
570-393-4416
077 1144 1054
070 2851 8408
970-215-1155
070 2329 3652
077 8157 8050
078 8878 2341
262-417-2768
079 5118 1671
(07) 4552 7195
079 6410 5669
070 1617 1742
567-227-5189
078 0550 0537
(02) 8531 4717
954-270-4789
079 8909 7594
(03) 6229 5368
910-894-9331
(07) 5329 2637
(08) 8298 1239
513-720-7694
315-686-7734
079 1481 3997
078 6640 7183
718-896-4034
(03) 5332 7907
070 6414 5875
(07) 4563 7849
(02) 4925 2885
(03) 9286 5762
079 1816 7398
077 7597 5839
079 4785 1113
609-484-1160
(03) 5390 9946
070 0922 0102
847-207-3619
079 2669 2406
070 5499 0621
079 4789 1313
(08) 8743 3480
079 1149 8738
(08) 8273 0460
070 6089 3747
077 1714 6388
815-717-0299
978-517-0513
(02) 9060 6460
740-261-0353
070 1388 2687
(03) 5351 6427
(07) 4950 2435
(02) 6180 6658
912-434-5368
510-725-2874
078 2212 3853
(07) 3491 8331
070 5290 0063
(03) 5395 7719
(07) 5324 8727
078 1117 9526
830-672-7655
078 8729 2330
425-999-7865
(08) 8294 1578
(02) 6726 9557
612-902-6080
(07) 5306 0049
706-619-5328
323-999-0157
077 4899 3992
407-422-4808
070 4783 4526
646-487-0253
509-531-1576
(07) 4577 9896
078 6235 1095
077 1549 6752
513-584-5979
(07) 5318 1749
(08) 8726 5670
(03) 8039 9303
(08) 9393 5214
954-267-0977
(08) 9472 0210
435-648-6150
650-543-3712
(02) 6781 2064
(02) 4780 6690
078 6652 1459
845-350-4015
907-465-6701
070 0155 1988
(08) 8354 9135
734-423-3032
(03) 8132 2807
070 2675 8347
078 5129 0977
(08) 8746 2279
302-488-7705
070 4354 9189
603-353-2758
973-309-4653
077 2560 5847
603-758-5502
(08) 8207 6999
(07) 3856 9618
318-679-2703
507-879-3416
617-224-0192
078 6912 0485
(03) 6258 5372
(08) 8737 3711
078 4636 5724
(02) 4770 4491
716-763-8218
(07) 4557 6859
077 5185 8662
(03) 5323 7709
570-933-7078
079 4364 4849
515-467-1476
256-733-7435
732-631-9747
079 6206 5772
(02) 4032 3014
407-677-7151
253-881-4490
(07) 4969 6481
077 8456 8251
070 4073 7637
(03) 5330 9791
(03) 6224 3041
079 4217 8471
(02) 4007 5694
070 4819 9097
077 5442 4750
(03) 6279 6337
916-595-6910
(02) 6179 9432
(08) 8907 1345
(02) 6147 6190
229-726-7687
803-671-8608
079 7974 5610
541-756-2451
(02) 6178 1365
077 4135 9842
070 8954 0426
(08) 8380 2040
313-244-3815
(02) 4054 5768
(03) 5330 3949
989-857-7799
(02) 6147 1242
(07) 4008 1669
070 4630 2752
(03) 5361 1786
(03) 6214 9316
770-536-1169
402-595-6453
(02) 4056 7167
(02) 4025 4010
(08) 8770 4961
(03) 5357 5101
070 4462 2049
(07) 3456 8654
079 0004 3954
(02) 4737 5356
845-485-7435
562-398-3337
(07) 4065 6055
212-480-1351
078 6589 9831
(03) 5328 2301
070 5267 3552
253-853-6132
077 7149 0865
805-823-6586
(02) 4098 8640
(03) 5360 1347
(07) 4993 3187
(08) 8323 7089
070 3960 9265
079 5827 4033
(02) 6132 4683
078 3336 9468
(07) 4581 6659
(07) 3479 5353
077 1585 6288
070 0687 3351
(07) 4959 2106
078 2587 2113
(02) 9036 7302
(02) 4953 9098
070 0864 3723
802-812-2808
301-595-4416
724-258-2814
070 4815 9688
(02) 6138 6605
(03) 5371 9610
(02) 4011 8717
078 4540 3925
078 6715 8922
662-509-6197
077 3776 0472
(08) 9081 9485
070 6573 4192
954-816-9801
305-452-8016
(03) 5337 6601
077 0015 3444
817-668-7786
(08) 9058 7550
070 1735 3600
(07) 4530 2166
070 4436 1563
731-285-6741
(02) 9251 3529
(07) 4980 5927
(02) 4746 4336
570-388-8147
079 5042 9494
307-624-1721
078 4239 9519
(08) 8713 1478
(02) 6778 8637
079 7596 4369
078 0617 2184
989-874-9288
(02) 6725 2806
(07) 4588 6333
(07) 4021 2425
079 7291 3093
(07) 4596 1183
936-448-2572
530-321-4388
617-704-5909
225-715-0033
070 3392 0371
(08) 8717 6200
(02) 4022 7486
077 6872 6755
(08) 8989 3791
830-209-0690
(03) 5393 4222
916-875-2073
078 4143 3002
(08) 9062 5086
432-722-5710
(07) 4537 7212
(02) 6174 0402
(03) 5308 1000
315-534-6305
503-701-6860
773-338-3733
(02) 4621 4003
077 7412 1992
212-425-3548
(02) 4007 1057
(02) 6154 1341
620-245-8054
(08) 8788 4574
070 5444 3370
(08) 8780 7202
(08) 8254 8178
(03) 9398 4399
(08) 9034 4906
077 1884 0110
079 0983 2841
(08) 9049 8585
078 8133 7803
803-675-5172
(03) 5359 0006
077 7501 6871
077 0958 8063
(03) 5339 2401
(03) 5330 0730
206-551-5311
978-951-7059
077 1896 0055
502-541-9805
405-636-2817
079 2164 8558
078 4408 6478
078 4545 1199
070 0451 1239
518-433-0744
248-538-6319
079 3750 2654
(08) 8259 6836
077 5282 1694
(02) 4283 8959
847-990-2223
078 6391 5594
(07) 4058 6417
510-304-5619
803-787-8740
070 6954 6614
325-665-2108
(07) 5383 9162
(08) 8210 0661
077 1417 9784
079 4119 4181
077 2231 8884
077 7490 0443
530-696-8047
079 3597 6349
707-720-9028
077 5520 1427
078 2966 1273
312-314-3204
077 6504 6859
(08) 8293 8256
(03) 6244 4039
079 0003 4896
802-755-0637
267-394-6579
318-514-2547
(08) 8700 3906
206-391-9429
(02) 6709 2873
(02) 4065 2168
079 6373 0472
440-793-6160
070 1595 8441
077 0416 0962
515-993-4186
(07) 3666 2842
860-824-9862
(07) 4943 3507
070 2100 7112
079 7666 1409
516-490-6625
603-596-2369
079 0408 1748
707-486-6632
(08) 9036 7186
434-391-8391
070 0960 9151
077 8892 5168
360-544-9056
078 8185 5193
070 6921 7155
079 8397 8637
954-596-6476
(02) 9690 9590
077 3880 4575
(07) 4526 4679
(03) 9575 8741
(02) 4990 4876
078 8398 0976
079 8765 7757
079 2319 5091
(02) 4931 5212
(03) 5333 2481
770-933-2662
805-646-1275
563-503-4148
078 4318 5712
070 7714 8098
406-676-3918
(02) 6714 0488
(08) 8251 8470
(08) 9055 2053
077 6882 5814
(07) 3304 5577
(08) 8216 6566
(08) 9309 5197
573-721-6053
(07) 4583 1192
(08) 8714 0888
(03) 5365 1631
077 5996 1520
985-359-0344
(08) 8391 4973
079 3058 6800
(07) 5311 6769
077 8348 7984
479-621-0383
936-400-2938
(07) 3975 1749
078 4633 1366
267-641-5570
316-648-7918
077 7353 8087
951-306-4750
(02) 6724 1621
070 8602 4094
(08) 8793 8640
480-871-9519
079 4118 0358
077 6842 7132
740-824-5855
(08) 9063 2288
(07) 4507 6776
079 7793 0167
079 8910 5954
602-701-0856
918-251-1117
079 7627 9264
608-758-4344
077 8433 9094
423-274-0596
863-712-0764
078 7841 5538
077 4112 5945
614-508-9089
757-737-9773
806-361-3465
(03) 5378 3320
(08) 9018 7607
070 6135 0555
(07) 4569 1974
(08) 9021 3552
070 0683 2991
408-436-7613
(08) 9047 9864
070 1311 9224
079 5489 5482
(02) 4060 5606
(03) 5352 4634
(03) 6233 8994
079 8864 7037
(02) 6760 7992
(07) 4523 8490
078 0325 0211
(08) 9087 1620
070 2224 9917
(02) 4035 1462
404-389-6096
(07) 4501 7763
(02) 4744 8215
(07) 4071 3600
316-262-0611
803-532-1099
070 2969 5061
(08) 8348 1024
469-734-8412
251-873-2548
(08) 8906 6562
078 1367 2627
079 0087 7639
079 1318 8119
615-419-6245
(08) 9066 3132
078 0096 2342
401-863-0914
812-537-9021

(03) 5384 8452
070 6265 2563
870-816-0760
078 2537 4632
070 5144 6443
(07) 3673 2028
410-613-1913
078 7673 0248
070 0914 3510
(03) 5319 1504
404-720-7940
(08) 8251 6005
801-458-9528
325-215-1707
070 8042 9280
070 1022 8855
251-774-9750
336-679-1277
(02) 6126 2340
814-398-4714
077 7016 8397
(07) 4902 5510
(02) 6721 9763
510-827-0122
070 4259 9033
078 4597 0401
704-682-8377
077 2633 3252
(08) 9067 1582
484-852-8104
614-206-1852
079 5534 5441
(02) 4059 4158
(02) 6128 1436
(03) 5371 0739
(02) 6105 0104
078 4474 1070
(02) 4904 0817
078 5497 0592
077 2481 6563
070 3665 4649
(02) 6198 6886
(08) 8250 8324
(07) 4567 6596
660-339-3897
(08) 9442 1868
920-750-9199
312-802-9226
405-471-2059
847-772-8896
(03) 5335 8497
631-474-1153
077 0727 6942
077 6177 3190
847-402-7489
972-878-1160
978-583-6843
(08) 9080 7942
(03) 6224 3099
701-222-4126
815-841-9532
503-905-1002
201-919-5850
(07) 4518 9593
079 7356 4541
078 6734 9549
(07) 4933 5214
(03) 5329 6847
078 5862 6588
077 0734 4930
(08) 8738 0792
(03) 5300 9553
078 7691 8876
757-483-0792
(03) 5319 7744
078 1595 3624
508-215-2687
078 0311 0744
636-397-1684
(03) 5329 8809
215-974-4089
(08) 9437 2888
079 8695 4219
070 5844 6338
641-447-1741
(03) 5335 1096
518-369-5982
770-387-3328
079 5596 7791
070 4651 1905
805-627-5452
909-307-4859
078 8415 7916
510-614-9166
(02) 4957 3489
580-635-9742
970-785-0808
(02) 9987 6520
077 2508 5837
(08) 8760 3915
070 0696 7131
(08) 8245 1858
614-993-7507
070 5456 4273
920-640-4698
078 6947 0836
078 0996 0647
520-664-3918
079 3953 9584
(03) 5304 6855
077 3984 2526
863-834-5436
(08) 9405 4422
077 0906 9115
740-933-2815
077 1914 6350
(02) 4258 7615
(03) 5337 0003
(03) 5323 9068
(08) 9001 8355
070 7037 6133
216-479-7117
(07) 4060 3703
(02) 6790 4676
619-952-6866
(07) 4031 7987
078 5313 3617
(02) 4009 0003
(02) 6762 7122
070 2912 1443
620-735-3094
(08) 9042 8812
806-365-3266
(07) 4095 5156
(07) 4009 3642
077 8677 5543
(02) 4974 8483
(02) 9283 1629
070 1763 2855
078 7191 7070
(02) 4078 3382
(03) 5330 2317
(03) 5300 7711
(03) 5351 7674
(08) 9051 1037
078 0885 4491
(03) 5301 8476
724-432-7624
070 5023 8071
503-323-4605
(03) 6238 4678
078 7592 0595
330-765-4014
(02) 4026 9171
077 6980 3718
070 0775 1450
077 1394 7004
078 2720 7397
336-531-3439
079 0138 3283
079 8553 6892
925-775-4096
070 2646 9141
077 3792 3290
079 6836 7635
269-716-0671
203-764-5659
608-742-3290
(03) 5327 2218
925-388-0304
077 3307 8718
077 3951 0768
254-729-7222
(07) 4570 8154
070 0024 4997
(07) 4080 9156
936-367-7873
(07) 4081 2207
814-496-8211
228-990-9228
319-603-0567
(02) 4640 6956
217-887-7696
704-348-7218
(02) 6793 1571
415-223-4912
(02) 6783 8401
(07) 3555 9161
512-520-5213
610-510-0320
(08) 9012 2905
336-744-5712
940-764-4719
(02) 4081 2459
077 1809 0166
(03) 6211 5585
078 2980 9691
070 6829 1318
214-761-8419
(02) 6779 7695
432-447-5323
(03) 5383 5012
078 6080 9152
(08) 8710 7221
(08) 8306 3819
(08) 9268 7426
(08) 8274 3421
079 6960 6884
(02) 6262 0704
(03) 9393 5813
716-790-4633
(07) 5687 0575
077 3462 8871
425-248-9652
(03) 9379 0256
070 8066 1534
078 1892 0209
079 6440 8516
(08) 9019 6976
(02) 6140 0935
208-891-7464
077 3312 1546
702-651-3079
079 3374 3560
703-338-0610
078 8304 2639
(08) 8778 4011
602-561-1405
079 0350 5828
(02) 6722 4950
541-485-0938
(03) 5369 0769
070 4875 1102
267-514-7712
(02) 4623 1755
(03) 5323 8682
870-717-1340
(02) 6632 6672
(07) 4015 6628
(02) 6758 7493
276-693-2967
(02) 4066 1704
070 0989 5255
212-204-0358
070 8785 7266
070 0800 1004
(08) 9496 7882
079 6581 5233
070 6730 5350
(08) 9066 6623
(02) 6180 0367
(07) 4956 5901
077 8671 1059
(03) 9465 1560
(07) 3205 9081
334-734-0630
401-226-6352
070 1817 0766
079 7464 2273
(07) 3035 9007
079 3754 2106
079 6636 9954
515-710-7869
512-819-7439
812-922-1311
818-640-3311
(07) 5663 4615
(08) 8383 0681
516-779-2019
(03) 5389 6226
078 7984 6919
(07) 4002 5069
(02) 6109 3059
240-228-2219
077 6645 2787
078 5572 3392
(08) 8271 6649
(08) 8255 4523
212-549-8021
707-747-5155
941-559-0796
405-634-4991
(07) 4516 9498
079 7927 0267
(02) 6770 9836
(07) 4042 0878
078 6005 1470
620-739-7410
078 7486 5543
724-603-0740
253-579-4801
077 1325 8582
501-371-4484
256-412-3234
419-247-1730
079 6228 2017
077 8440 5800
(07) 3988 8813
(02) 6199 9080
070 5869 8493
(03) 5327 0583
(03) 5399 6106
(02) 6717 9561
(08) 9276 7089
(03) 5399 2232
(08) 9031 3232
(07) 3256 1244
079 5742 4277
(02) 6119 7457
(07) 4541 1669
(03) 5300 6413
079 7840 2943
077 5135 7990
(03) 6277 6124
077 8958 7414
079 3746 2037
078 0651 0311
773-989-7905
(03) 6295 5948
936-307-2481
305-509-3741
951-750-7104
662-759-2115
713-373-7160
(08) 9330 0645
078 8510 0238
308-832-3639
701-744-9102
540-512-8728
318-253-3330
909-934-2286
(03) 9534 6195
708-526-3731
(07) 3414 6518
(08) 8331 4105
512-793-5764
078 3599 5528
078 1689 5606
079 5740 0983
(03) 9646 1038
(02) 4085 9259
(02) 6127 7209
507-344-3135
078 8855 2723
070 4465 9454
317-574-5054
313-278-1384
(03) 9549 6598
077 0860 6106
(03) 5304 5273
678-306-2191
(08) 8312 7904
(08) 8272 9907
816-444-2093
212-500-6804
(07) 4513 0481
(08) 9069 3031
