(03) 9598 2322
909-475-7338
(07) 4508 6722
405-262-2252
(07) 3626 2992
078 2247 6501
405-668-9777
079 5874 2610
(08) 8367 3236
808-579-0671
(07) 4992 0849
479-216-0885
070 3651 0174
870-366-2755
078 5391 8837
070 0476 6212
719-571-2337
267-834-4144
079 3001 1011
078 0406 1322
262-786-7287
(07) 3039 9129
313-392-0292
077 1693 8192
(02) 4374 8277
079 3678 8935
909-287-6903
079 8957 1246
561-697-3728
607-741-1591
079 3372 7106
(07) 4916 7692
920-713-1722
810-629-8633
(03) 5332 5175
079 0518 7516
(02) 4084 5359
(07) 4577 8922
(08) 8297 7548
(03) 6223 3453
077 8879 5824
(02) 9825 4428
(02) 6740 6107
(08) 8272 0427
504-812-1574
(07) 4089 2283
070 5274 1096
315-463-6104
077 7073 4105
078 4610 6695
267-462-1967
070 2647 1008
079 8405 9764
078 1916 7772
079 5999 3100
(02) 4061 7484
423-238-3029
(02) 4672 2164
(03) 6224 8444
615-365-4186
(02) 9442 9154
203-946-7963
077 7341 2346
(02) 9947 0951
079 7868 0186
079 0132 5563
(02) 4090 3847
077 2232 9418
415-339-1775
570-853-9875
(08) 8377 8300
(03) 5324 2061
070 1064 5419
(08) 8775 5133
785-960-4359
077 2642 0839
(03) 5368 5207
079 6616 2265
(07) 3134 1007
(03) 5314 1154
070 8157 0968
719-320-7237
517-278-1576
330-825-7485
077 6836 2935
070 2362 5758
907-827-5141
(02) 4002 9404
070 0247 8386
(02) 4998 0922
079 7307 7313
(07) 3477 2693
580-442-8236
079 0841 0165
(07) 4533 9387
(08) 8328 2614
077 5452 0968
(02) 4013 5916
(08) 9034 9975
(08) 8921 8159
804-405-7247
916-239-6986
870-633-3697
(03) 6286 4777
845-546-0081
078 1485 6443
079 0656 8013
070 1973 3588
(03) 5387 7989
757-719-5166
079 2067 1501
079 5823 5638
(02) 4074 9492
740-574-1361
956-645-0933
077 6026 3238
(08) 8336 7020
(02) 9356 8471
(07) 4905 7058
079 6274 3317
070 7842 0626
(02) 6159 0611
(03) 5372 4142
(03) 9741 1674
078 0928 8102
(02) 6191 2551
079 4187 4418
916-663-2242
070 0008 2840
(02) 6193 7733
077 7652 5205
248-643-9703
079 0714 7997
(02) 6118 9064
079 6486 0777
079 0417 5442
770-326-2599
(03) 6280 3903
323-942-4300
(02) 4632 1003
079 5940 0481
077 5273 1586
078 1010 7984
078 3081 6614
079 8298 0846
(03) 5387 0193
703-454-6511
(07) 4576 7321
070 1052 0365
078 4949 3945
(02) 9014 0198
078 1015 5109
(02) 6192 3630
077 1159 8637
407-620-8506
(08) 8219 0692
954-985-7466
205-326-7079
(07) 4589 5852
281-557-3313
(08) 8798 8932
(07) 5351 0236
070 8802 8415
070 0945 7574
(07) 4908 8069
858-949-9089
(07) 3386 2900
914-715-5205
410-558-1023
079 6222 7887
(07) 4943 0256
218-226-0609
070 3463 9771
530-278-9484
(02) 4013 0983
079 3478 1131
650-364-1832
077 2866 1480
(08) 9055 7247
(07) 4561 0140
(07) 4085 2503
(03) 5349 0326
(03) 8808 8650
954-626-5741
(07) 4073 9101
219-477-9307
(02) 4966 3582
078 1356 2837
(03) 9481 8538
585-637-9214
502-330-2211
078 1166 8405
077 8115 6655
360-515-9023
077 4344 8835
070 6914 5742
270-305-2976
231-207-1797
079 6948 1195
856-738-3772
704-621-0183
(02) 6757 5530
(08) 9006 0613
(07) 4074 8889
972-816-1633
573-473-3736
070 2992 2588
070 3501 0616
078 6688 6494
270-928-4470
(03) 5331 1279
(03) 5333 7029
070 7652 6931
079 0972 2289
079 3312 6827
(08) 8224 4503
620-582-0368
(08) 9411 9362
(02) 8539 5737
(02) 4029 6293
(03) 6207 0962
248-225-8793
079 6253 6882
(03) 5345 8592
070 6268 3202
757-671-1239
(07) 3203 1992
(08) 8243 8986
(02) 4384 2284
077 2361 6612
(08) 9093 8515
(08) 8265 2496
410-580-3884
(02) 6173 2723
077 8345 9732
078 2614 9834
518-630-8195
(08) 9078 1568
(07) 4549 3894
078 5980 4341
070 1983 1648
(02) 6790 7492
802-402-9511
508-672-7644
813-313-0545
077 8120 8653
(02) 4054 6761
078 8853 2110
079 4266 8547
703-640-2209
079 8005 2929
077 1345 3539
714-347-4282
(02) 8015 5063
443-956-6769
650-723-7229
(02) 4020 4796
078 1319 7416
512-942-7338
(08) 9483 2393
985-632-7432
078 6572 8065
(03) 6252 9816
813-775-2540
602-478-1078
830-639-4030
516-671-8376
079 8179 9760
620-382-2975
(03) 5308 3793
(02) 6114 2872
(07) 4087 8747
077 4770 5878
(03) 5371 0593
985-655-2390
214-455-8272
702-756-3560
079 7287 9958
078 3023 0171
078 8496 0947
(03) 5348 9816
070 5017 5568
(03) 6284 8151
337-572-3337
(07) 4576 2243
079 6563 0667
641-954-3209
740-401-4695
078 7667 8427
079 0364 8488
828-200-2924
270-439-7630
077 7750 2947
(07) 4078 2914
217-289-9377
079 5148 0958
408-244-9823
830-236-5073
070 4527 4033
207-588-2821
917-359-0168
078 6848 2704
(03) 6242 8889
(08) 9438 7223
070 3196 0462
407-478-8151
077 0780 5156
503-635-3618
079 5032 1796
(02) 4017 2524
(02) 4085 9758
070 4797 8053
(03) 5379 4721
(03) 5372 7612
077 4741 5395
412-220-7139
079 0772 3232
070 0981 7350
(03) 5382 6978
(07) 4555 2580
513-844-7039
(02) 6629 2770
077 4609 4655
078 8979 5706
(07) 4955 1191
724-728-6799
(08) 8379 0042
(02) 9843 5634
(07) 4968 3720
443-227-4101
070 1780 9134
078 0201 3687
070 4010 9884
077 0925 6250
810-941-0010
510-566-5983
(02) 6179 2936
077 8338 4748
070 4758 5328
(02) 4255 0628
(07) 4540 9923
079 8352 1152
512-444-1145
070 0055 5459
330-401-7576
(07) 4542 2243
419-461-2410
225-288-7735
251-219-6062
785-324-0988
(07) 5367 9220
903-242-7631
079 2015 1449
077 0951 9852
079 5246 8401
(02) 9701 0399
410-954-2487
870-265-5396
508-882-2691
079 3807 3161
(03) 6270 6187
302-382-6474
970-534-6056
(02) 4048 2709
323-795-2812
(02) 4932 9928
617-766-5244
203-609-7781
077 4715 6547
(08) 8362 1998
070 3721 5134
218-341-2658
570-205-7556
256-890-5714
312-519-1643
(03) 5347 3348
(07) 4050 9383
(02) 6189 0669
(02) 4059 7206
614-612-2126
079 4382 5500
352-634-7806
078 8155 4259
079 3691 5184
(08) 8385 0334
078 0446 7751
(07) 4036 4537
(07) 4029 3416
208-350-4516
267-642-9182
850-317-1745
079 8184 6580
(07) 5688 0553
079 6682 3293
501-593-1999
425-409-6758
(08) 8293 6781
484-642-7784
070 5844 4156
070 2767 6664
070 4541 9163
570-413-3594
615-366-3738
079 8424 1022
(03) 5326 1119
078 4072 3058
077 1956 0769
079 6385 0648
703-803-8007
858-705-1218
(02) 6705 8219
(03) 5328 8985
907-333-6755
070 1434 9599
(02) 4089 4140
(08) 8791 1993
(02) 6776 0386
732-692-0229
079 8236 4051
(07) 3165 1876
602-421-3330
079 1260 8719
077 7643 5293
078 6461 6743
708-586-2236
(02) 6735 4041
772-285-4734
079 6128 4665
(07) 4081 0882
847-665-3121
(02) 6755 4712
281-327-8744
079 5576 7180
070 8775 6075
216-299-1654
079 0947 2557
(03) 5300 0165
978-815-6688
(07) 3712 6682
077 7044 4025
614-453-2662
916-912-1502
847-765-0682
(08) 9083 8945
077 4506 1807
814-201-9405
070 5090 3190
078 3214 8530
078 3412 1833
(07) 4569 4864
(07) 4574 8191
(08) 8284 1949
(02) 6742 7953
559-303-9509
079 3274 2025
(02) 6643 2793
518-566-5046
612-951-7354
077 3030 5239
(03) 5368 6636
078 7149 3122
(07) 3852 0395
(02) 4052 5918
070 1368 3142
070 1232 0531
079 3260 6886
(02) 4903 7297
(03) 6233 7555
078 0928 4817
(02) 6734 9814
212-418-5208
078 3177 9454
077 6876 1011
(03) 8560 1051
(02) 6750 8516
620-546-4022
079 4721 7815
(02) 9158 9692
859-624-2692
402-862-5720
(02) 9666 9696
(02) 4997 2232
(08) 8284 4499
(08) 9052 2605
801-349-6401
254-366-1624
580-842-1883
217-753-0200
731-325-9217
(03) 9047 1647
707-307-0179
077 1007 4845
(07) 4558 9326
(02) 6794 3140
070 3085 0375
(02) 4033 6606
(02) 6136 2515
214-360-8486
070 2512 7263
650-686-4822
078 5270 4135
077 0964 8589
(02) 4974 5685
077 2025 0708
(03) 5339 4282
215-997-0053
(02) 4783 7955
(03) 9903 5858
559-853-9542
079 8389 1286
079 3603 1914
(03) 6234 0256
(03) 9938 8908
077 3010 2206
661-627-1090
757-372-6182
077 3873 0071
(03) 5388 6985
(08) 8375 6542
077 7671 0389
203-435-0991
(02) 4799 0233
077 2503 4352
079 0880 0159
713-774-1204
(03) 8604 6452
078 6035 0502
070 4637 2563
703-696-4644
(08) 8751 4697
